../../assets/runways.tsv